   0.00000e+00    0.00000e+00
   1.00000e-02    8.49912e-02
   2.00000e-02    1.60934e-01
   3.00000e-02    2.28690e-01
   4.00000e-02    2.89037e-01
   5.00000e-02    3.42681e-01
   6.00000e-02    3.90260e-01
   7.00000e-02    4.32351e-01
   8.00000e-02    4.69476e-01
   9.00000e-02    5.02107e-01
   1.00000e-01    5.30673e-01
   1.10000e-01    5.55560e-01
   1.20000e-01    5.77119e-01
   1.30000e-01    5.95665e-01
   1.40000e-01    6.11486e-01
   1.50000e-01    6.24841e-01
   1.60000e-01    6.35965e-01
   1.70000e-01    6.45070e-01
   1.80000e-01    6.52348e-01
   1.90000e-01    6.57973e-01
   2.00000e-01    6.62103e-01
   2.10000e-01    6.64879e-01
   2.20000e-01    6.66430e-01
   2.30000e-01    6.66874e-01
   2.40000e-01    6.66315e-01
   2.50000e-01    6.64848e-01
   2.60000e-01    6.62561e-01
   2.70000e-01    6.59531e-01
   2.80000e-01    6.55829e-01
   2.90000e-01    6.51519e-01
   3.00000e-01    6.46659e-01
   3.10000e-01    6.41301e-01
   3.20000e-01    6.35492e-01
   3.30000e-01    6.29276e-01
   3.40000e-01    6.22691e-01
   3.50000e-01    6.15772e-01
   3.60000e-01    6.08551e-01
   3.70000e-01    6.01057e-01
   3.80000e-01    5.93316e-01
   3.90000e-01    5.85351e-01
   4.00000e-01    5.77183e-01
   4.10000e-01    5.68833e-01
   4.20000e-01    5.60316e-01
   4.30000e-01    5.51650e-01
   4.40000e-01    5.42848e-01
   4.50000e-01    5.33923e-01
   4.60000e-01    5.24888e-01
   4.70000e-01    5.15751e-01
   4.80000e-01    5.06524e-01
   4.90000e-01    4.97214e-01
   5.00000e-01    4.87830e-01
   5.10000e-01    4.78379e-01
   5.20000e-01    4.68867e-01
   5.30000e-01    4.59299e-01
   5.40000e-01    4.49682e-01
   5.50000e-01    4.40019e-01
   5.60000e-01    4.30315e-01
   5.70000e-01    4.20575e-01
   5.80000e-01    4.10801e-01
   5.90000e-01    4.00997e-01
   6.00000e-01    3.91165e-01
   6.10000e-01    3.81309e-01
   6.20000e-01    3.71430e-01
   6.30000e-01    3.61531e-01
   6.40000e-01    3.51613e-01
   6.50000e-01    3.41679e-01
   6.60000e-01    3.31730e-01
   6.70000e-01    3.21767e-01
   6.80000e-01    3.11792e-01
   6.90000e-01    3.01806e-01
   7.00000e-01    2.91810e-01
   7.10000e-01    2.81804e-01
   7.20000e-01    2.71791e-01
   7.30000e-01    2.61770e-01
   7.40000e-01    2.51742e-01
   7.50000e-01    2.41708e-01
   7.60000e-01    2.31668e-01
   7.70000e-01    2.21624e-01
   7.80000e-01    2.11575e-01
   7.90000e-01    2.01522e-01
   8.00000e-01    1.91465e-01
   8.10000e-01    1.81405e-01
   8.20000e-01    1.71341e-01
   8.30000e-01    1.61275e-01
   8.40000e-01    1.51207e-01
   8.50000e-01    1.41136e-01
   8.60000e-01    1.31064e-01
   8.70000e-01    1.20989e-01
   8.80000e-01    1.10913e-01
   8.90000e-01    1.00835e-01
   9.00000e-01    9.07559e-02
   9.10000e-01    8.06755e-02
   9.20000e-01    7.05940e-02
   9.30000e-01    6.05116e-02
   9.40000e-01    5.04282e-02
   9.50000e-01    4.03439e-02
   9.60000e-01    3.02590e-02
   9.70000e-01    2.01733e-02
   9.80000e-01    1.00871e-02
   9.90000e-01    2.50874e-07
   1.00000e+00    0.00000e+00
