   0.00000e+00    0.00000e+00
   1.00000e-03    8.94914e-03
   2.00000e-03    1.77993e-02
   3.00000e-03    2.65514e-02
   4.00000e-03    3.52064e-02
   5.00000e-03    4.37654e-02
   6.00000e-03    5.22293e-02
   7.00000e-03    6.05990e-02
   8.00000e-03    6.88754e-02
   9.00000e-03    7.70596e-02
   1.00000e-02    8.51523e-02
   1.10000e-02    9.31546e-02
   1.20000e-02    1.01067e-01
   1.30000e-02    1.08891e-01
   1.40000e-02    1.16627e-01
   1.50000e-02    1.24277e-01
   1.60000e-02    1.31840e-01
   1.70000e-02    1.39318e-01
   1.80000e-02    1.46711e-01
   1.90000e-02    1.54021e-01
   2.00000e-02    1.61249e-01
   2.10000e-02    1.68394e-01
   2.20000e-02    1.75459e-01
   2.30000e-02    1.82443e-01
   2.40000e-02    1.89348e-01
   2.50000e-02    1.96174e-01
   2.60000e-02    2.02922e-01
   2.70000e-02    2.09593e-01
   2.80000e-02    2.16188e-01
   2.90000e-02    2.22707e-01
   3.00000e-02    2.29151e-01
   3.10000e-02    2.35521e-01
   3.20000e-02    2.41818e-01
   3.30000e-02    2.48043e-01
   3.40000e-02    2.54195e-01
   3.50000e-02    2.60276e-01
   3.60000e-02    2.66287e-01
   3.70000e-02    2.72228e-01
   3.80000e-02    2.78100e-01
   3.90000e-02    2.83904e-01
   4.00000e-02    2.89639e-01
   4.10000e-02    2.95308e-01
   4.20000e-02    3.00911e-01
   4.30000e-02    3.06447e-01
   4.40000e-02    3.11919e-01
   4.50000e-02    3.17326e-01
   4.60000e-02    3.22670e-01
   4.70000e-02    3.27950e-01
   4.80000e-02    3.33168e-01
   4.90000e-02    3.38324e-01
   5.00000e-02    3.43419e-01
   5.10000e-02    3.48453e-01
   5.20000e-02    3.53427e-01
   5.30000e-02    3.58341e-01
   5.40000e-02    3.63197e-01
   5.50000e-02    3.67995e-01
   5.60000e-02    3.72734e-01
   5.70000e-02    3.77417e-01
   5.80000e-02    3.82043e-01
   5.90000e-02    3.86613e-01
   6.00000e-02    3.91128e-01
   6.10000e-02    3.95588e-01
   6.20000e-02    3.99993e-01
   6.30000e-02    4.04345e-01
   6.40000e-02    4.08643e-01
   6.50000e-02    4.12889e-01
   6.60000e-02    4.17082e-01
   6.70000e-02    4.21224e-01
   6.80000e-02    4.25315e-01
   6.90000e-02    4.29354e-01
   7.00000e-02    4.33344e-01
   7.10000e-02    4.37284e-01
   7.20000e-02    4.41175e-01
   7.30000e-02    4.45018e-01
   7.40000e-02    4.48812e-01
   7.50000e-02    4.52558e-01
   7.60000e-02    4.56257e-01
   7.70000e-02    4.59910e-01
   7.80000e-02    4.63516e-01
   7.90000e-02    4.67076e-01
   8.00000e-02    4.70591e-01
   8.10000e-02    4.74061e-01
   8.20000e-02    4.77486e-01
   8.30000e-02    4.80867e-01
   8.40000e-02    4.84205e-01
   8.50000e-02    4.87500e-01
   8.60000e-02    4.90752e-01
   8.70000e-02    4.93961e-01
   8.80000e-02    4.97129e-01
   8.90000e-02    5.00255e-01
   9.00000e-02    5.03340e-01
   9.10000e-02    5.06385e-01
   9.20000e-02    5.09389e-01
   9.30000e-02    5.12353e-01
   9.40000e-02    5.15278e-01
   9.50000e-02    5.18164e-01
   9.60000e-02    5.21011e-01
   9.70000e-02    5.23820e-01
   9.80000e-02    5.26591e-01
   9.90000e-02    5.29324e-01
   1.00000e-01    5.32021e-01
   1.01000e-01    5.34680e-01
   1.02000e-01    5.37303e-01
   1.03000e-01    5.39890e-01
   1.04000e-01    5.42441e-01
   1.05000e-01    5.44957e-01
   1.06000e-01    5.47438e-01
   1.07000e-01    5.49885e-01
   1.08000e-01    5.52297e-01
   1.09000e-01    5.54675e-01
   1.10000e-01    5.57019e-01
   1.11000e-01    5.59330e-01
   1.12000e-01    5.61609e-01
   1.13000e-01    5.63854e-01
   1.14000e-01    5.66067e-01
   1.15000e-01    5.68249e-01
   1.16000e-01    5.70398e-01
   1.17000e-01    5.72517e-01
   1.18000e-01    5.74604e-01
   1.19000e-01    5.76660e-01
   1.20000e-01    5.78686e-01
   1.21000e-01    5.80682e-01
   1.22000e-01    5.82648e-01
   1.23000e-01    5.84585e-01
   1.24000e-01    5.86492e-01
   1.25000e-01    5.88371e-01
   1.26000e-01    5.90221e-01
   1.27000e-01    5.92042e-01
   1.28000e-01    5.93835e-01
   1.29000e-01    5.95601e-01
   1.30000e-01    5.97339e-01
   1.31000e-01    5.99050e-01
   1.32000e-01    6.00734e-01
   1.33000e-01    6.02391e-01
   1.34000e-01    6.04021e-01
   1.35000e-01    6.05626e-01
   1.36000e-01    6.07204e-01
   1.37000e-01    6.08757e-01
   1.38000e-01    6.10285e-01
   1.39000e-01    6.11787e-01
   1.40000e-01    6.13264e-01
   1.41000e-01    6.14717e-01
   1.42000e-01    6.16145e-01
   1.43000e-01    6.17549e-01
   1.44000e-01    6.18930e-01
   1.45000e-01    6.20286e-01
   1.46000e-01    6.21619e-01
   1.47000e-01    6.22929e-01
   1.48000e-01    6.24216e-01
   1.49000e-01    6.25480e-01
   1.50000e-01    6.26721e-01
   1.51000e-01    6.27941e-01
   1.52000e-01    6.29138e-01
   1.53000e-01    6.30313e-01
   1.54000e-01    6.31467e-01
   1.55000e-01    6.32599e-01
   1.56000e-01    6.33710e-01
   1.57000e-01    6.34800e-01
   1.58000e-01    6.35869e-01
   1.59000e-01    6.36917e-01
   1.60000e-01    6.37945e-01
   1.61000e-01    6.38953e-01
   1.62000e-01    6.39941e-01
   1.63000e-01    6.40909e-01
   1.64000e-01    6.41858e-01
   1.65000e-01    6.42787e-01
   1.66000e-01    6.43697e-01
   1.67000e-01    6.44588e-01
   1.68000e-01    6.45460e-01
   1.69000e-01    6.46314e-01
   1.70000e-01    6.47149e-01
   1.71000e-01    6.47965e-01
   1.72000e-01    6.48764e-01
   1.73000e-01    6.49545e-01
   1.74000e-01    6.50308e-01
   1.75000e-01    6.51053e-01
   1.76000e-01    6.51782e-01
   1.77000e-01    6.52493e-01
   1.78000e-01    6.53186e-01
   1.79000e-01    6.53863e-01
   1.80000e-01    6.54524e-01
   1.81000e-01    6.55168e-01
   1.82000e-01    6.55795e-01
   1.83000e-01    6.56406e-01
   1.84000e-01    6.57001e-01
   1.85000e-01    6.57581e-01
   1.86000e-01    6.58144e-01
   1.87000e-01    6.58692e-01
   1.88000e-01    6.59225e-01
   1.89000e-01    6.59742e-01
   1.90000e-01    6.60244e-01
   1.91000e-01    6.60732e-01
   1.92000e-01    6.61204e-01
   1.93000e-01    6.61662e-01
   1.94000e-01    6.62105e-01
   1.95000e-01    6.62534e-01
   1.96000e-01    6.62949e-01
   1.97000e-01    6.63349e-01
   1.98000e-01    6.63736e-01
   1.99000e-01    6.64109e-01
   2.00000e-01    6.64468e-01
   2.01000e-01    6.64814e-01
   2.02000e-01    6.65146e-01
   2.03000e-01    6.65465e-01
   2.04000e-01    6.65771e-01
   2.05000e-01    6.66064e-01
   2.06000e-01    6.66344e-01
   2.07000e-01    6.66611e-01
   2.08000e-01    6.66866e-01
   2.09000e-01    6.67108e-01
   2.10000e-01    6.67337e-01
   2.11000e-01    6.67555e-01
   2.12000e-01    6.67760e-01
   2.13000e-01    6.67954e-01
   2.14000e-01    6.68135e-01
   2.15000e-01    6.68305e-01
   2.16000e-01    6.68463e-01
   2.17000e-01    6.68610e-01
   2.18000e-01    6.68745e-01
   2.19000e-01    6.68869e-01
   2.20000e-01    6.68981e-01
   2.21000e-01    6.69083e-01
   2.22000e-01    6.69173e-01
   2.23000e-01    6.69253e-01
   2.24000e-01    6.69322e-01
   2.25000e-01    6.69380e-01
   2.26000e-01    6.69428e-01
   2.27000e-01    6.69465e-01
   2.28000e-01    6.69492e-01
   2.29000e-01    6.69509e-01
   2.30000e-01    6.69516e-01
   2.31000e-01    6.69513e-01
   2.32000e-01    6.69499e-01
   2.33000e-01    6.69476e-01
   2.34000e-01    6.69443e-01
   2.35000e-01    6.69401e-01
   2.36000e-01    6.69349e-01
   2.37000e-01    6.69287e-01
   2.38000e-01    6.69217e-01
   2.39000e-01    6.69136e-01
   2.40000e-01    6.69047e-01
   2.41000e-01    6.68949e-01
   2.42000e-01    6.68842e-01
   2.43000e-01    6.68726e-01
   2.44000e-01    6.68601e-01
   2.45000e-01    6.68467e-01
   2.46000e-01    6.68325e-01
   2.47000e-01    6.68174e-01
   2.48000e-01    6.68014e-01
   2.49000e-01    6.67847e-01
   2.50000e-01    6.67671e-01
   2.51000e-01    6.67486e-01
   2.52000e-01    6.67294e-01
   2.53000e-01    6.67094e-01
   2.54000e-01    6.66885e-01
   2.55000e-01    6.66669e-01
   2.56000e-01    6.66445e-01
   2.57000e-01    6.66213e-01
   2.58000e-01    6.65974e-01
   2.59000e-01    6.65727e-01
   2.60000e-01    6.65473e-01
   2.61000e-01    6.65211e-01
   2.62000e-01    6.64941e-01
   2.63000e-01    6.64665e-01
   2.64000e-01    6.64381e-01
   2.65000e-01    6.64090e-01
   2.66000e-01    6.63792e-01
   2.67000e-01    6.63487e-01
   2.68000e-01    6.63175e-01
   2.69000e-01    6.62857e-01
   2.70000e-01    6.62531e-01
   2.71000e-01    6.62199e-01
   2.72000e-01    6.61860e-01
   2.73000e-01    6.61514e-01
   2.74000e-01    6.61162e-01
   2.75000e-01    6.60804e-01
   2.76000e-01    6.60439e-01
   2.77000e-01    6.60068e-01
   2.78000e-01    6.59690e-01
   2.79000e-01    6.59307e-01
   2.80000e-01    6.58917e-01
   2.81000e-01    6.58521e-01
   2.82000e-01    6.58119e-01
   2.83000e-01    6.57711e-01
   2.84000e-01    6.57298e-01
   2.85000e-01    6.56878e-01
   2.86000e-01    6.56453e-01
   2.87000e-01    6.56021e-01
   2.88000e-01    6.55585e-01
   2.89000e-01    6.55142e-01
   2.90000e-01    6.54694e-01
   2.91000e-01    6.54241e-01
   2.92000e-01    6.53782e-01
   2.93000e-01    6.53318e-01
   2.94000e-01    6.52848e-01
   2.95000e-01    6.52373e-01
   2.96000e-01    6.51893e-01
   2.97000e-01    6.51408e-01
   2.98000e-01    6.50917e-01
   2.99000e-01    6.50422e-01
   3.00000e-01    6.49921e-01
   3.01000e-01    6.49415e-01
   3.02000e-01    6.48905e-01
   3.03000e-01    6.48390e-01
   3.04000e-01    6.47869e-01
   3.05000e-01    6.47344e-01
   3.06000e-01    6.46815e-01
   3.07000e-01    6.46280e-01
   3.08000e-01    6.45741e-01
   3.09000e-01    6.45198e-01
   3.10000e-01    6.44649e-01
   3.11000e-01    6.44097e-01
   3.12000e-01    6.43539e-01
   3.13000e-01    6.42978e-01
   3.14000e-01    6.42412e-01
   3.15000e-01    6.41842e-01
   3.16000e-01    6.41267e-01
   3.17000e-01    6.40688e-01
   3.18000e-01    6.40105e-01
   3.19000e-01    6.39518e-01
   3.20000e-01    6.38927e-01
   3.21000e-01    6.38331e-01
   3.22000e-01    6.37732e-01
   3.23000e-01    6.37129e-01
   3.24000e-01    6.36521e-01
   3.25000e-01    6.35910e-01
   3.26000e-01    6.35295e-01
   3.27000e-01    6.34676e-01
   3.28000e-01    6.34053e-01
   3.29000e-01    6.33427e-01
   3.30000e-01    6.32796e-01
   3.31000e-01    6.32162e-01
   3.32000e-01    6.31525e-01
   3.33000e-01    6.30884e-01
   3.34000e-01    6.30239e-01
   3.35000e-01    6.29590e-01
   3.36000e-01    6.28939e-01
   3.37000e-01    6.28283e-01
   3.38000e-01    6.27624e-01
   3.39000e-01    6.26962e-01
   3.40000e-01    6.26297e-01
   3.41000e-01    6.25628e-01
   3.42000e-01    6.24956e-01
   3.43000e-01    6.24280e-01
   3.44000e-01    6.23602e-01
   3.45000e-01    6.22920e-01
   3.46000e-01    6.22235e-01
   3.47000e-01    6.21546e-01
   3.48000e-01    6.20855e-01
   3.49000e-01    6.20161e-01
   3.50000e-01    6.19463e-01
   3.51000e-01    6.18763e-01
   3.52000e-01    6.18059e-01
   3.53000e-01    6.17353e-01
   3.54000e-01    6.16643e-01
   3.55000e-01    6.15931e-01
   3.56000e-01    6.15216e-01
   3.57000e-01    6.14498e-01
   3.58000e-01    6.13777e-01
   3.59000e-01    6.13054e-01
   3.60000e-01    6.12327e-01
   3.61000e-01    6.11598e-01
   3.62000e-01    6.10866e-01
   3.63000e-01    6.10132e-01
   3.64000e-01    6.09395e-01
   3.65000e-01    6.08655e-01
   3.66000e-01    6.07913e-01
   3.67000e-01    6.07168e-01
   3.68000e-01    6.06420e-01
   3.69000e-01    6.05671e-01
   3.70000e-01    6.04918e-01
   3.71000e-01    6.04163e-01
   3.72000e-01    6.03406e-01
   3.73000e-01    6.02646e-01
   3.74000e-01    6.01884e-01
   3.75000e-01    6.01119e-01
   3.76000e-01    6.00352e-01
   3.77000e-01    5.99583e-01
   3.78000e-01    5.98811e-01
   3.79000e-01    5.98037e-01
   3.80000e-01    5.97261e-01
   3.81000e-01    5.96483e-01
   3.82000e-01    5.95702e-01
   3.83000e-01    5.94920e-01
   3.84000e-01    5.94135e-01
   3.85000e-01    5.93348e-01
   3.86000e-01    5.92558e-01
   3.87000e-01    5.91767e-01
   3.88000e-01    5.90974e-01
   3.89000e-01    5.90178e-01
   3.90000e-01    5.89381e-01
   3.91000e-01    5.88581e-01
   3.92000e-01    5.87780e-01
   3.93000e-01    5.86976e-01
   3.94000e-01    5.86171e-01
   3.95000e-01    5.85363e-01
   3.96000e-01    5.84554e-01
   3.97000e-01    5.83743e-01
   3.98000e-01    5.82929e-01
   3.99000e-01    5.82114e-01
   4.00000e-01    5.81297e-01
   4.01000e-01    5.80479e-01
   4.02000e-01    5.79658e-01
   4.03000e-01    5.78836e-01
   4.04000e-01    5.78012e-01
   4.05000e-01    5.77186e-01
   4.06000e-01    5.76358e-01
   4.07000e-01    5.75529e-01
   4.08000e-01    5.74698e-01
   4.09000e-01    5.73865e-01
   4.10000e-01    5.73031e-01
   4.11000e-01    5.72195e-01
   4.12000e-01    5.71357e-01
   4.13000e-01    5.70518e-01
   4.14000e-01    5.69677e-01
   4.15000e-01    5.68834e-01
   4.16000e-01    5.67990e-01
   4.17000e-01    5.67145e-01
   4.18000e-01    5.66298e-01
   4.19000e-01    5.65449e-01
   4.20000e-01    5.64599e-01
   4.21000e-01    5.63747e-01
   4.22000e-01    5.62894e-01
   4.23000e-01    5.62039e-01
   4.24000e-01    5.61183e-01
   4.25000e-01    5.60325e-01
   4.26000e-01    5.59466e-01
   4.27000e-01    5.58606e-01
   4.28000e-01    5.57744e-01
   4.29000e-01    5.56881e-01
   4.30000e-01    5.56016e-01
   4.31000e-01    5.55150e-01
   4.32000e-01    5.54283e-01
   4.33000e-01    5.53414e-01
   4.34000e-01    5.52544e-01
   4.35000e-01    5.51673e-01
   4.36000e-01    5.50801e-01
   4.37000e-01    5.49927e-01
   4.38000e-01    5.49052e-01
   4.39000e-01    5.48175e-01
   4.40000e-01    5.47298e-01
   4.41000e-01    5.46419e-01
   4.42000e-01    5.45539e-01
   4.43000e-01    5.44658e-01
   4.44000e-01    5.43775e-01
   4.45000e-01    5.42892e-01
   4.46000e-01    5.42007e-01
   4.47000e-01    5.41121e-01
   4.48000e-01    5.40234e-01
   4.49000e-01    5.39346e-01
   4.50000e-01    5.38457e-01
   4.51000e-01    5.37566e-01
   4.52000e-01    5.36675e-01
   4.53000e-01    5.35782e-01
   4.54000e-01    5.34889e-01
   4.55000e-01    5.33994e-01
   4.56000e-01    5.33098e-01
   4.57000e-01    5.32201e-01
   4.58000e-01    5.31303e-01
   4.59000e-01    5.30404e-01
   4.60000e-01    5.29504e-01
   4.61000e-01    5.28603e-01
   4.62000e-01    5.27702e-01
   4.63000e-01    5.26799e-01
   4.64000e-01    5.25895e-01
   4.65000e-01    5.24990e-01
   4.66000e-01    5.24084e-01
   4.67000e-01    5.23177e-01
   4.68000e-01    5.22270e-01
   4.69000e-01    5.21361e-01
   4.70000e-01    5.20451e-01
   4.71000e-01    5.19541e-01
   4.72000e-01    5.18630e-01
   4.73000e-01    5.17717e-01
   4.74000e-01    5.16804e-01
   4.75000e-01    5.15890e-01
   4.76000e-01    5.14975e-01
   4.77000e-01    5.14060e-01
   4.78000e-01    5.13143e-01
   4.79000e-01    5.12226e-01
   4.80000e-01    5.11308e-01
   4.81000e-01    5.10388e-01
   4.82000e-01    5.09469e-01
   4.83000e-01    5.08548e-01
   4.84000e-01    5.07626e-01
   4.85000e-01    5.06704e-01
   4.86000e-01    5.05781e-01
   4.87000e-01    5.04857e-01
   4.88000e-01    5.03933e-01
   4.89000e-01    5.03007e-01
   4.90000e-01    5.02081e-01
   4.91000e-01    5.01154e-01
   4.92000e-01    5.00227e-01
   4.93000e-01    4.99298e-01
   4.94000e-01    4.98369e-01
   4.95000e-01    4.97440e-01
   4.96000e-01    4.96509e-01
   4.97000e-01    4.95578e-01
   4.98000e-01    4.94646e-01
   4.99000e-01    4.93714e-01
   5.00000e-01    4.92780e-01
   5.01000e-01    4.91846e-01
   5.02000e-01    4.90912e-01
   5.03000e-01    4.89977e-01
   5.04000e-01    4.89041e-01
   5.05000e-01    4.88104e-01
   5.06000e-01    4.87167e-01
   5.07000e-01    4.86229e-01
   5.08000e-01    4.85291e-01
   5.09000e-01    4.84352e-01
   5.10000e-01    4.83412e-01
   5.11000e-01    4.82472e-01
   5.12000e-01    4.81531e-01
   5.13000e-01    4.80589e-01
   5.14000e-01    4.79647e-01
   5.15000e-01    4.78705e-01
   5.16000e-01    4.77761e-01
   5.17000e-01    4.76818e-01
   5.18000e-01    4.75873e-01
   5.19000e-01    4.74928e-01
   5.20000e-01    4.73983e-01
   5.21000e-01    4.73037e-01
   5.22000e-01    4.72090e-01
   5.23000e-01    4.71143e-01
   5.24000e-01    4.70195e-01
   5.25000e-01    4.69247e-01
   5.26000e-01    4.68298e-01
   5.27000e-01    4.67349e-01
   5.28000e-01    4.66399e-01
   5.29000e-01    4.65449e-01
   5.30000e-01    4.64498e-01
   5.31000e-01    4.63547e-01
   5.32000e-01    4.62595e-01
   5.33000e-01    4.61643e-01
   5.34000e-01    4.60690e-01
   5.35000e-01    4.59737e-01
   5.36000e-01    4.58783e-01
   5.37000e-01    4.57829e-01
   5.38000e-01    4.56875e-01
   5.39000e-01    4.55919e-01
   5.40000e-01    4.54964e-01
   5.41000e-01    4.54008e-01
   5.42000e-01    4.53051e-01
   5.43000e-01    4.52095e-01
   5.44000e-01    4.51137e-01
   5.45000e-01    4.50179e-01
   5.46000e-01    4.49221e-01
   5.47000e-01    4.48263e-01
   5.48000e-01    4.47304e-01
   5.49000e-01    4.46344e-01
   5.50000e-01    4.45384e-01
   5.51000e-01    4.44424e-01
   5.52000e-01    4.43463e-01
   5.53000e-01    4.42502e-01
   5.54000e-01    4.41541e-01
   5.55000e-01    4.40579e-01
   5.56000e-01    4.39617e-01
   5.57000e-01    4.38654e-01
   5.58000e-01    4.37691e-01
   5.59000e-01    4.36727e-01
   5.60000e-01    4.35764e-01
   5.61000e-01    4.34799e-01
   5.62000e-01    4.33835e-01
   5.63000e-01    4.32870e-01
   5.64000e-01    4.31905e-01
   5.65000e-01    4.30939e-01
   5.66000e-01    4.29973e-01
   5.67000e-01    4.29007e-01
   5.68000e-01    4.28040e-01
   5.69000e-01    4.27073e-01
   5.70000e-01    4.26106e-01
   5.71000e-01    4.25138e-01
   5.72000e-01    4.24170e-01
   5.73000e-01    4.23202e-01
   5.74000e-01    4.22233e-01
   5.75000e-01    4.21265e-01
   5.76000e-01    4.20295e-01
   5.77000e-01    4.19326e-01
   5.78000e-01    4.18356e-01
   5.79000e-01    4.17386e-01
   5.80000e-01    4.16415e-01
   5.81000e-01    4.15444e-01
   5.82000e-01    4.14473e-01
   5.83000e-01    4.13502e-01
   5.84000e-01    4.12530e-01
   5.85000e-01    4.11558e-01
   5.86000e-01    4.10586e-01
   5.87000e-01    4.09613e-01
   5.88000e-01    4.08640e-01
   5.89000e-01    4.07667e-01
   5.90000e-01    4.06694e-01
   5.91000e-01    4.05720e-01
   5.92000e-01    4.04746e-01
   5.93000e-01    4.03772e-01
   5.94000e-01    4.02797e-01
   5.95000e-01    4.01823e-01
   5.96000e-01    4.00848e-01
   5.97000e-01    3.99872e-01
   5.98000e-01    3.98897e-01
   5.99000e-01    3.97921e-01
   6.00000e-01    3.96945e-01
   6.01000e-01    3.95969e-01
   6.02000e-01    3.94992e-01
   6.03000e-01    3.94015e-01
   6.04000e-01    3.93038e-01
   6.05000e-01    3.92061e-01
   6.06000e-01    3.91084e-01
   6.07000e-01    3.90106e-01
   6.08000e-01    3.89128e-01
   6.09000e-01    3.88150e-01
   6.10000e-01    3.87171e-01
   6.11000e-01    3.86193e-01
   6.12000e-01    3.85214e-01
   6.13000e-01    3.84235e-01
   6.14000e-01    3.83255e-01
   6.15000e-01    3.82276e-01
   6.16000e-01    3.81296e-01
   6.17000e-01    3.80316e-01
   6.18000e-01    3.79336e-01
   6.19000e-01    3.78356e-01
   6.20000e-01    3.77375e-01
   6.21000e-01    3.76395e-01
   6.22000e-01    3.75414e-01
   6.23000e-01    3.74432e-01
   6.24000e-01    3.73451e-01
   6.25000e-01    3.72470e-01
   6.26000e-01    3.71488e-01
   6.27000e-01    3.70506e-01
   6.28000e-01    3.69524e-01
   6.29000e-01    3.68541e-01
   6.30000e-01    3.67559e-01
   6.31000e-01    3.66576e-01
   6.32000e-01    3.65593e-01
   6.33000e-01    3.64610e-01
   6.34000e-01    3.63627e-01
   6.35000e-01    3.62644e-01
   6.36000e-01    3.61660e-01
   6.37000e-01    3.60676e-01
   6.38000e-01    3.59693e-01
   6.39000e-01    3.58708e-01
   6.40000e-01    3.57724e-01
   6.41000e-01    3.56740e-01
   6.42000e-01    3.55755e-01
   6.43000e-01    3.54770e-01
   6.44000e-01    3.53786e-01
   6.45000e-01    3.52801e-01
   6.46000e-01    3.51815e-01
   6.47000e-01    3.50830e-01
   6.48000e-01    3.49844e-01
   6.49000e-01    3.48859e-01
   6.50000e-01    3.47873e-01
   6.51000e-01    3.46887e-01
   6.52000e-01    3.45901e-01
   6.53000e-01    3.44914e-01
   6.54000e-01    3.43928e-01
   6.55000e-01    3.42941e-01
   6.56000e-01    3.41955e-01
   6.57000e-01    3.40968e-01
   6.58000e-01    3.39981e-01
   6.59000e-01    3.38994e-01
   6.60000e-01    3.38006e-01
   6.61000e-01    3.37019e-01
   6.62000e-01    3.36031e-01
   6.63000e-01    3.35044e-01
   6.64000e-01    3.34056e-01
   6.65000e-01    3.33068e-01
   6.66000e-01    3.32080e-01
   6.67000e-01    3.31092e-01
   6.68000e-01    3.30103e-01
   6.69000e-01    3.29115e-01
   6.70000e-01    3.28126e-01
   6.71000e-01    3.27138e-01
   6.72000e-01    3.26149e-01
   6.73000e-01    3.25160e-01
   6.74000e-01    3.24171e-01
   6.75000e-01    3.23182e-01
   6.76000e-01    3.22192e-01
   6.77000e-01    3.21203e-01
   6.78000e-01    3.20214e-01
   6.79000e-01    3.19224e-01
   6.80000e-01    3.18234e-01
   6.81000e-01    3.17244e-01
   6.82000e-01    3.16254e-01
   6.83000e-01    3.15264e-01
   6.84000e-01    3.14274e-01
   6.85000e-01    3.13284e-01
   6.86000e-01    3.12293e-01
   6.87000e-01    3.11303e-01
   6.88000e-01    3.10312e-01
   6.89000e-01    3.09321e-01
   6.90000e-01    3.08331e-01
   6.91000e-01    3.07340e-01
   6.92000e-01    3.06349e-01
   6.93000e-01    3.05358e-01
   6.94000e-01    3.04366e-01
   6.95000e-01    3.03375e-01
   6.96000e-01    3.02384e-01
   6.97000e-01    3.01392e-01
   6.98000e-01    3.00401e-01
   6.99000e-01    2.99409e-01
   7.00000e-01    2.98417e-01
   7.01000e-01    2.97425e-01
   7.02000e-01    2.96433e-01
   7.03000e-01    2.95441e-01
   7.04000e-01    2.94449e-01
   7.05000e-01    2.93457e-01
   7.06000e-01    2.92464e-01
   7.07000e-01    2.91472e-01
   7.08000e-01    2.90480e-01
   7.09000e-01    2.89487e-01
   7.10000e-01    2.88494e-01
   7.11000e-01    2.87502e-01
   7.12000e-01    2.86509e-01
   7.13000e-01    2.85516e-01
   7.14000e-01    2.84523e-01
   7.15000e-01    2.83530e-01
   7.16000e-01    2.82537e-01
   7.17000e-01    2.81544e-01
   7.18000e-01    2.80550e-01
   7.19000e-01    2.79557e-01
   7.20000e-01    2.78563e-01
   7.21000e-01    2.77570e-01
   7.22000e-01    2.76576e-01
   7.23000e-01    2.75583e-01
   7.24000e-01    2.74589e-01
   7.25000e-01    2.73595e-01
   7.26000e-01    2.72601e-01
   7.27000e-01    2.71607e-01
   7.28000e-01    2.70613e-01
   7.29000e-01    2.69619e-01
   7.30000e-01    2.68625e-01
   7.31000e-01    2.67631e-01
   7.32000e-01    2.66636e-01
   7.33000e-01    2.65642e-01
   7.34000e-01    2.64648e-01
   7.35000e-01    2.63653e-01
   7.36000e-01    2.62659e-01
   7.37000e-01    2.61664e-01
   7.38000e-01    2.60669e-01
   7.39000e-01    2.59675e-01
   7.40000e-01    2.58680e-01
   7.41000e-01    2.57685e-01
   7.42000e-01    2.56690e-01
   7.43000e-01    2.55695e-01
   7.44000e-01    2.54700e-01
   7.45000e-01    2.53705e-01
   7.46000e-01    2.52710e-01
   7.47000e-01    2.51715e-01
   7.48000e-01    2.50719e-01
   7.49000e-01    2.49724e-01
   7.50000e-01    2.48729e-01
   7.51000e-01    2.47733e-01
   7.52000e-01    2.46738e-01
   7.53000e-01    2.45742e-01
   7.54000e-01    2.44746e-01
   7.55000e-01    2.43751e-01
   7.56000e-01    2.42755e-01
   7.57000e-01    2.41759e-01
   7.58000e-01    2.40763e-01
   7.59000e-01    2.39768e-01
   7.60000e-01    2.38772e-01
   7.61000e-01    2.37776e-01
   7.62000e-01    2.36780e-01
   7.63000e-01    2.35784e-01
   7.64000e-01    2.34788e-01
   7.65000e-01    2.33791e-01
   7.66000e-01    2.32795e-01
   7.67000e-01    2.31799e-01
   7.68000e-01    2.30803e-01
   7.69000e-01    2.29806e-01
   7.70000e-01    2.28810e-01
   7.71000e-01    2.27813e-01
   7.72000e-01    2.26817e-01
   7.73000e-01    2.25820e-01
   7.74000e-01    2.24824e-01
   7.75000e-01    2.23827e-01
   7.76000e-01    2.22831e-01
   7.77000e-01    2.21834e-01
   7.78000e-01    2.20837e-01
   7.79000e-01    2.19840e-01
   7.80000e-01    2.18843e-01
   7.81000e-01    2.17847e-01
   7.82000e-01    2.16850e-01
   7.83000e-01    2.15853e-01
   7.84000e-01    2.14856e-01
   7.85000e-01    2.13859e-01
   7.86000e-01    2.12862e-01
   7.87000e-01    2.11865e-01
   7.88000e-01    2.10867e-01
   7.89000e-01    2.09870e-01
   7.90000e-01    2.08873e-01
   7.91000e-01    2.07876e-01
   7.92000e-01    2.06878e-01
   7.93000e-01    2.05881e-01
   7.94000e-01    2.04884e-01
   7.95000e-01    2.03886e-01
   7.96000e-01    2.02889e-01
   7.97000e-01    2.01891e-01
   7.98000e-01    2.00894e-01
   7.99000e-01    1.99896e-01
   8.00000e-01    1.98899e-01
   8.01000e-01    1.97901e-01
   8.02000e-01    1.96904e-01
   8.03000e-01    1.95906e-01
   8.04000e-01    1.94908e-01
   8.05000e-01    1.93910e-01
   8.06000e-01    1.92913e-01
   8.07000e-01    1.91915e-01
   8.08000e-01    1.90917e-01
   8.09000e-01    1.89919e-01
   8.10000e-01    1.88921e-01
   8.11000e-01    1.87923e-01
   8.12000e-01    1.86925e-01
   8.13000e-01    1.85927e-01
   8.14000e-01    1.84929e-01
   8.15000e-01    1.83931e-01
   8.16000e-01    1.82933e-01
   8.17000e-01    1.81935e-01
   8.18000e-01    1.80937e-01
   8.19000e-01    1.79939e-01
   8.20000e-01    1.78941e-01
   8.21000e-01    1.77942e-01
   8.22000e-01    1.76944e-01
   8.23000e-01    1.75946e-01
   8.24000e-01    1.74948e-01
   8.25000e-01    1.73949e-01
   8.26000e-01    1.72951e-01
   8.27000e-01    1.71953e-01
   8.28000e-01    1.70954e-01
   8.29000e-01    1.69956e-01
   8.30000e-01    1.68957e-01
   8.31000e-01    1.67959e-01
   8.32000e-01    1.66960e-01
   8.33000e-01    1.65962e-01
   8.34000e-01    1.64963e-01
   8.35000e-01    1.63965e-01
   8.36000e-01    1.62966e-01
   8.37000e-01    1.61968e-01
   8.38000e-01    1.60969e-01
   8.39000e-01    1.59970e-01
   8.40000e-01    1.58972e-01
   8.41000e-01    1.57973e-01
   8.42000e-01    1.56974e-01
   8.43000e-01    1.55975e-01
   8.44000e-01    1.54977e-01
   8.45000e-01    1.53978e-01
   8.46000e-01    1.52979e-01
   8.47000e-01    1.51980e-01
   8.48000e-01    1.50981e-01
   8.49000e-01    1.49982e-01
   8.50000e-01    1.48983e-01
   8.51000e-01    1.47985e-01
   8.52000e-01    1.46986e-01
   8.53000e-01    1.45987e-01
   8.54000e-01    1.44988e-01
   8.55000e-01    1.43989e-01
   8.56000e-01    1.42990e-01
   8.57000e-01    1.41991e-01
   8.58000e-01    1.40992e-01
   8.59000e-01    1.39992e-01
   8.60000e-01    1.38993e-01
   8.61000e-01    1.37994e-01
   8.62000e-01    1.36995e-01
   8.63000e-01    1.35996e-01
   8.64000e-01    1.34997e-01
   8.65000e-01    1.33998e-01
   8.66000e-01    1.32998e-01
   8.67000e-01    1.31999e-01
   8.68000e-01    1.31000e-01
   8.69000e-01    1.30001e-01
   8.70000e-01    1.29001e-01
   8.71000e-01    1.28002e-01
   8.72000e-01    1.27003e-01
   8.73000e-01    1.26003e-01
   8.74000e-01    1.25004e-01
   8.75000e-01    1.24005e-01
   8.76000e-01    1.23005e-01
   8.77000e-01    1.22006e-01
   8.78000e-01    1.21007e-01
   8.79000e-01    1.20007e-01
   8.80000e-01    1.19008e-01
   8.81000e-01    1.18008e-01
   8.82000e-01    1.17009e-01
   8.83000e-01    1.16009e-01
   8.84000e-01    1.15010e-01
   8.85000e-01    1.14010e-01
   8.86000e-01    1.13011e-01
   8.87000e-01    1.12011e-01
   8.88000e-01    1.11012e-01
   8.89000e-01    1.10012e-01
   8.90000e-01    1.09013e-01
   8.91000e-01    1.08013e-01
   8.92000e-01    1.07013e-01
   8.93000e-01    1.06014e-01
   8.94000e-01    1.05014e-01
   8.95000e-01    1.04015e-01
   8.96000e-01    1.03015e-01
   8.97000e-01    1.02015e-01
   8.98000e-01    1.01016e-01
   8.99000e-01    1.00016e-01
   9.00000e-01    9.90162e-02
   9.01000e-01    9.80165e-02
   9.02000e-01    9.70167e-02
   9.03000e-01    9.60170e-02
   9.04000e-01    9.50172e-02
   9.05000e-01    9.40175e-02
   9.06000e-01    9.30177e-02
   9.07000e-01    9.20179e-02
   9.08000e-01    9.10181e-02
   9.09000e-01    9.00183e-02
   9.10000e-01    8.90185e-02
   9.11000e-01    8.80186e-02
   9.12000e-01    8.70188e-02
   9.13000e-01    8.60189e-02
   9.14000e-01    8.50190e-02
   9.15000e-01    8.40192e-02
   9.16000e-01    8.30193e-02
   9.17000e-01    8.20194e-02
   9.18000e-01    8.10195e-02
   9.19000e-01    8.00195e-02
   9.20000e-01    7.90196e-02
   9.21000e-01    7.80197e-02
   9.22000e-01    7.70197e-02
   9.23000e-01    7.60198e-02
   9.24000e-01    7.50198e-02
   9.25000e-01    7.40198e-02
   9.26000e-01    7.30198e-02
   9.27000e-01    7.20198e-02
   9.28000e-01    7.10198e-02
   9.29000e-01    7.00198e-02
   9.30000e-01    6.90198e-02
   9.31000e-01    6.80197e-02
   9.32000e-01    6.70197e-02
   9.33000e-01    6.60196e-02
   9.34000e-01    6.50196e-02
   9.35000e-01    6.40195e-02
   9.36000e-01    6.30194e-02
   9.37000e-01    6.20193e-02
   9.38000e-01    6.10192e-02
   9.39000e-01    6.00191e-02
   9.40000e-01    5.90190e-02
   9.41000e-01    5.80189e-02
   9.42000e-01    5.70187e-02
   9.43000e-01    5.60186e-02
   9.44000e-01    5.50185e-02
   9.45000e-01    5.40183e-02
   9.46000e-01    5.30181e-02
   9.47000e-01    5.20180e-02
   9.48000e-01    5.10178e-02
   9.49000e-01    5.00176e-02
   9.50000e-01    4.90174e-02
   9.51000e-01    4.80172e-02
   9.52000e-01    4.70170e-02
   9.53000e-01    4.60168e-02
   9.54000e-01    4.50165e-02
   9.55000e-01    4.40163e-02
   9.56000e-01    4.30161e-02
   9.57000e-01    4.20158e-02
   9.58000e-01    4.10156e-02
   9.59000e-01    4.00153e-02
   9.60000e-01    3.90151e-02
   9.61000e-01    3.80148e-02
   9.62000e-01    3.70145e-02
   9.63000e-01    3.60142e-02
   9.64000e-01    3.50139e-02
   9.65000e-01    3.40136e-02
   9.66000e-01    3.30133e-02
   9.67000e-01    3.20130e-02
   9.68000e-01    3.10127e-02
   9.69000e-01    3.00124e-02
   9.70000e-01    2.90120e-02
   9.71000e-01    2.80117e-02
   9.72000e-01    2.70114e-02
   9.73000e-01    2.60110e-02
   9.74000e-01    2.50106e-02
   9.75000e-01    2.40103e-02
   9.76000e-01    2.30099e-02
   9.77000e-01    2.20095e-02
   9.78000e-01    2.10092e-02
   9.79000e-01    2.00088e-02
   9.80000e-01    1.90084e-02
   9.81000e-01    1.80080e-02
   9.82000e-01    1.70076e-02
   9.83000e-01    1.60072e-02
   9.84000e-01    1.50068e-02
   9.85000e-01    1.40064e-02
   9.86000e-01    1.30059e-02
   9.87000e-01    1.20055e-02
   9.88000e-01    1.10051e-02
   9.89000e-01    1.00046e-02
   9.90000e-01    9.00420e-03
   9.91000e-01    8.00376e-03
   9.92000e-01    7.00330e-03
   9.93000e-01    6.00285e-03
   9.94000e-01    5.00239e-03
   9.95000e-01    4.00192e-03
   9.96000e-01    3.00145e-03
   9.97000e-01    2.00097e-03
   9.98000e-01    1.00049e-03
   9.99000e-01    2.29281e-09
   1.00000e+00    0.00000e+00
